| tres de  trebol  | seis de  trebol  | siete de  trebol  | j de  corazon  | as de  picas  | 
NADA:  0.5116279069767442
PAR:  0.3920265780730897
DOBLEPAR:  0.029900332225913623
PIERNA:  0.009966777408637873
ESCALERA:  0.016611295681063124
COLOR:  0.03875968992248062
FULL:  0.0
POKER:  0.0
ESCALERADECOLOR:  0.0011074197120708748
ESCALERAREAL:  0.0
el numero de casos totales es de:  0.9999999999999999