| cinco de  trebol  | seis de  trebol  | siete de  trebol  | j de  corazon  | as de  picas  | 
NADA:  0.47840531561461797
PAR:  0.3920265780730897
DOBLEPAR:  0.029900332225913623
PIERNA:  0.009966777408637873
ESCALERA:  0.04983388704318937
COLOR:  0.036544850498338874
FULL:  0.0
POKER:  0.0
ESCALERADECOLOR:  0.0033222591362126247
ESCALERAREAL:  0.0
el numero de casos totales es de:  1.0